曲线坐标提取 QC 报告  (2026-09-30 10:20:09)
cover  = 曲线笔画被认领的比例（按长度加权）——主指标，越接近 1 越好
onLine = 路径点落在曲线笔画上的比例
cen    = 路径偏离笔画中心的中位像素数
bigGap = 长度 >= 1.5 倍线宽的真实漏检段数

tag     nCurve expect     cover   onLine  cen(px)   bigGap  曲线颜色
fig2E        1      1    0.9682   0.8980     2.50       20  0,0,0
fig3A        7      7    1.0000   0.9585     0.50        0  6,6,6 | 8,82,6 | 13,121,10 | 15,191,13 | 17,246,16 | 161,216,161 | 201,247,201
fig3B        2      2    1.0000   0.6212     0.50        0  3,2,144 | 246,5,5
fig3C        2      2    1.0000   0.3204     0.50        0  7,6,185 | 240,2,17
fig3D       10     10    0.9983   0.9699     0.50       24  11,233,10 | 45,213,41 | 95,214,92 | 8,183,7 | 46,176,42 | 18,102,17 | 12,119,10 | 41,67,37 | 6,76,5 | 7,23,5
fig3E        2      2    1.0000   0.5509     0.50        0  4,10,166 | 253,2,3
fig3F        2      2    0.9901   0.9189     1.50       72  7,81,6 | 11,245,10
